
Restart file exists! 
Use dumps/rdump0 (0) or dumps/rdump1 (1)?   [0|1]  
G_tmp = 1.33333333333333325932e+00 
Katm[0] = 6.22744689487805466732e-02 
Katm[1] = 6.18610324532135186226e-02 
Katm[2] = 6.14503407379513519326e-02 
Katm[3] = 6.10423755805608661551e-02 
Katm[4] = 6.06371188795864907162e-02 
Katm[5] = 6.02345526537472059081e-02 
Katm[6] = 5.98346590411385562125e-02 
Katm[7] = 5.94374202984402702499e-02 
Katm[8] = 5.90428188001289253051e-02 
Katm[9] = 5.86508370376958992898e-02 
Katm[10] = 5.82614576188704713644e-02 
Katm[11] = 5.78746632668482308137e-02 
Katm[12] = 5.74904368195244055983e-02 
Katm[13] = 5.71087612287324505878e-02 
Katm[14] = 5.67296195594875207746e-02 
Katm[15] = 5.63529949892352180485e-02 
Katm[16] = 5.59788708071050009063e-02 
Katm[17] = 5.56072304131688677220e-02 
Katm[18] = 5.52380573177046821365e-02 
Katm[19] = 5.48713351404646748621e-02 
Katm[20] = 5.45070476099484974020e-02 
Katm[21] = 5.41451785626813550389e-02 
Katm[22] = 5.37857119424968027621e-02 
Katm[23] = 5.34286317998243151517e-02 
Katm[24] = 5.30739222909816441009e-02 
Katm[25] = 5.27215676774717562081e-02 
Katm[26] = 5.23715523252846343327e-02 
Katm[27] = 5.20238607042034575945e-02 
Katm[28] = 5.16784773871156247194e-02 
Katm[29] = 5.13353870493282044007e-02 
Katm[30] = 5.09945744678880069634e-02 
Katm[31] = 5.06560245209061107974e-02 
Katm[32] = 5.03197221868869407069e-02 
Katm[33] = 4.99856525440616414335e-02 
Katm[34] = 4.96538007697262390172e-02 
Katm[35] = 4.93241521395837087538e-02 
Katm[36] = 4.89966920270907754786e-02 
Katm[37] = 4.86714059028089812697e-02 
Katm[38] = 4.83482793337598054650e-02 
Katm[39] = 4.80272979827845516998e-02 
Katm[40] = 4.77084476079080305189e-02 
Katm[41] = 4.73917140617066204311e-02 
Katm[42] = 4.70770832906806588336e-02 
Katm[43] = 4.67645413346308436164e-02 
Katm[44] = 4.64540743260387495317e-02 
Katm[45] = 4.61456684894516189210e-02 
Katm[46] = 4.58393101408710937350e-02 
Katm[47] = 4.55349856871461039498e-02 
Katm[48] = 4.52326816253696487036e-02 
Katm[49] = 4.49323845422797407689e-02 
Katm[50] = 4.46340811136642506840e-02 
Katm[51] = 4.43377581037696782973e-02 
Katm[52] = 4.40434023647139627489e-02 
Katm[53] = 4.37510008359029700653e-02 
Katm[54] = 4.34605405434511371521e-02 
Katm[55] = 4.31720085996057101330e-02 
Katm[56] = 4.28853922021749864313e-02 
Katm[57] = 4.26006786339602552816e-02 
Katm[58] = 4.23178552621915060605e-02 
Katm[59] = 4.20369095379669807655e-02 
Katm[60] = 4.17578289956963000229e-02 
Katm[61] = 4.14806012525473707941e-02 
Katm[62] = 4.12052140078970410841e-02 
Katm[63] = 4.09316550427852726690e-02 
Katm[64] = 4.06599122193728873542e-02 
Katm[65] = 4.03899734804032059521e-02 
Katm[66] = 4.01218268486669069062e-02 
Katm[67] = 3.98554604264706180405e-02 
Katm[68] = 3.95908623951091165338e-02 
Katm[69] = 3.93280210143408179291e-02 
Katm[70] = 3.90669246218668872461e-02 
Katm[71] = 3.88075616328138681133e-02 
Katm[72] = 3.85499205392194968511e-02 
Katm[73] = 3.82939899095222566205e-02 
Katm[74] = 3.80397583880540679502e-02 
Katm[75] = 3.77872146945364487114e-02 
Katm[76] = 3.75363476235800117009e-02 
Katm[77] = 3.72871460441872998315e-02 
Katm[78] = 3.70395988992588617861e-02 
Katm[79] = 3.67936952051027069133e-02 
Katm[80] = 3.65494240509468965028e-02 
Katm[81] = 3.63067745984554587912e-02 
Katm[82] = 3.60657360812474958589e-02 
Katm[83] = 3.58262978044194754790e-02 
Katm[84] = 3.55884491440706732246e-02 
Katm[85] = 3.53521795468318550393e-02 
Katm[86] = 3.51174785293969227151e-02 
Katm[87] = 3.48843356780578622844e-02 
Katm[88] = 3.46527406482426414414e-02 
Katm[89] = 3.44226831640562155878e-02 
Katm[90] = 3.41941530178245939320e-02 
Katm[91] = 3.39671400696419240051e-02 
Katm[92] = 3.37416342469206292920e-02 
Katm[93] = 3.35176255439443640527e-02 
Katm[94] = 3.32951040214242224846e-02 
Katm[95] = 3.30740598060575777262e-02 
Katm[96] = 3.28544830900901196902e-02 
Katm[97] = 3.26363641308806129437e-02 
Katm[98] = 3.24196932504686313736e-02 
Katm[99] = 3.22044608351451724926e-02 
Katm[100] = 3.19906573350260611810e-02 
Katm[101] = 3.17782732636282400085e-02 
Katm[102] = 3.15672991974488767464e-02 
Katm[103] = 3.13577257755471364153e-02 
Katm[104] = 3.11495436991289925688e-02 
Katm[105] = 3.09427437311345296389e-02 
Katm[106] = 3.07373166958281214545e-02 
Katm[107] = 3.05332534783913089882e-02 
Katm[108] = 3.03305450245183703950e-02 
Katm[109] = 3.01291823400145764023e-02 
Katm[110] = 2.99291564903971206435e-02 
Katm[111] = 2.97304586004987041192e-02 
Katm[112] = 2.95330798540737356206e-02 
Katm[113] = 2.93370114934071481161e-02 
Katm[114] = 2.91422448189258311013e-02 
Katm[115] = 2.89487711888126234006e-02 
Katm[116] = 2.87565820186228560118e-02 
Katm[117] = 2.85656687809035039760e-02 
Katm[118] = 2.83760230048147703286e-02 
Katm[119] = 2.81876362757542756055e-02 
Katm[120] = 2.80005002349836829012e-02 
Katm[121] = 2.78146065792578209286e-02 
Katm[122] = 2.76299470604562703857e-02 
Katm[123] = 2.74465134852173997526e-02 
Katm[124] = 2.72642977145747776591e-02 
Katm[125] = 2.70832916635961526430e-02 
Katm[126] = 2.69034873010246082525e-02 
Katm[127] = 2.67248766489222785991e-02 
Katm[128] = 2.65474517823163676244e-02 
Katm[129] = 2.63712048288474686097e-02 
Katm[130] = 2.61961279684203504625e-02 
Katm[131] = 2.60222134328568777129e-02 
Katm[132] = 2.58494535055514181032e-02 
Katm[133] = 2.56778405211284047049e-02 
Katm[134] = 2.55073668651022641973e-02 
Katm[135] = 2.53380249735395586541e-02 
Katm[136] = 2.51698073327232818563e-02 
Katm[137] = 2.50027064788196258516e-02 
Katm[138] = 2.48367149975466799949e-02 
Katm[139] = 2.46718255238455239087e-02 
Katm[140] = 2.45080307415534506821e-02 
Katm[141] = 2.43453233830792960257e-02 
Katm[142] = 2.41836962290810156273e-02 
Katm[143] = 2.40231421081453129507e-02 
Katm[144] = 2.38636538964695291143e-02 
Katm[145] = 2.37052245175454652515e-02 
Katm[146] = 2.35478469418454773587e-02 
Katm[147] = 2.33915141865104966867e-02 
Katm[148] = 2.32362193150402775166e-02 
Katm[149] = 2.30819554369855496623e-02 
Katm[150] = 2.29287157076423636637e-02 
Katm[151] = 2.27764933277483337670e-02 
Katm[152] = 2.26252815431809764513e-02 
Katm[153] = 2.24750736446580022532e-02 
Katm[154] = 2.23258629674396892606e-02 
Katm[155] = 2.21776428910331023514e-02 
Katm[156] = 2.20304068388983594062e-02 
Katm[157] = 2.18841482781568716365e-02 
Katm[158] = 2.17388607193013706775e-02 
Katm[159] = 2.15945377159081179641e-02 
Katm[160] = 2.14511728643507655623e-02 
Katm[161] = 2.13087598035162535670e-02 
Katm[162] = 2.11672922145225844703e-02 
Katm[163] = 2.10267638204384398060e-02 
Katm[164] = 2.08871683860046494785e-02 
Katm[165] = 2.07484997173576282692e-02 
Katm[166] = 2.06107516617543978787e-02 
Katm[167] = 2.04739181072997288025e-02 
Katm[168] = 2.03379929826749059063e-02 
Katm[169] = 2.02029702568682877073e-02 
Katm[170] = 2.00688439389077946662e-02 
Katm[171] = 1.99356080775950628148e-02 
Katm[172] = 1.98032567612413737401e-02 
Katm[173] = 1.96717841174053331699e-02 
Katm[174] = 1.95411843126323606090e-02 
Katm[175] = 1.94114515521958304334e-02 
Katm[176] = 1.92825800798399615843e-02 
Katm[177] = 1.91545641775244142313e-02 
Katm[178] = 1.90273981651705829943e-02 
Katm[179] = 1.89010764004095381530e-02 
Katm[180] = 1.87755932783317362744e-02 
Katm[181] = 1.86509432312382816832e-02 
Katm[182] = 1.85271207283938983690e-02 
Katm[183] = 1.84041202757815464119e-02 
Katm[184] = 1.82819364158586031288e-02 
Katm[185] = 1.81605637273147858812e-02 
Katm[186] = 1.80399968248315493990e-02 
Katm[187] = 1.79202303588431692549e-02 
Katm[188] = 1.78012590152993484260e-02 
Katm[189] = 1.76830775154294891904e-02 
Katm[190] = 1.75656806155083979049e-02 
Katm[191] = 1.74490631066236759339e-02 
Katm[192] = 1.73332198144445989718e-02 
Katm[193] = 1.72181455989924951655e-02 
Katm[194] = 1.71038353544127399997e-02 
Katm[195] = 1.69902840087481112052e-02 
Katm[196] = 1.68774865237138679830e-02 
Katm[197] = 1.67654378944741173918e-02 
Katm[198] = 1.66541331494197870911e-02 
Katm[199] = 1.65435673499480066784e-02 
Katm[200] = 1.64337355902429947674e-02 
Katm[201] = 1.63246329970583997637e-02 
Katm[202] = 1.62162547295010665838e-02 
Katm[203] = 1.61085959788162362549e-02 
Katm[204] = 1.60016519681741749281e-02 
Katm[205] = 1.58954179524582669969e-02 
Katm[206] = 1.57898892180543988506e-02 
Katm[207] = 1.56850610826419004096e-02 
Katm[208] = 1.55809288949857356610e-02 
Katm[209] = 1.54774880347301416889e-02 
Katm[210] = 1.53747339121936329315e-02 
Katm[211] = 1.52726619681653186245e-02 
Katm[212] = 1.51712676737026635337e-02 
Katm[213] = 1.50705465299304994242e-02 
Katm[214] = 1.49704940678414364502e-02 
Katm[215] = 1.48711058480975530371e-02 
Katm[216] = 1.47723774608334145614e-02 
Katm[217] = 1.46743045254604329714e-02 
Katm[218] = 1.45768826904724944915e-02 
Katm[219] = 1.44801076332528554091e-02 
Katm[220] = 1.43839750598823926803e-02 
Katm[221] = 1.42884807049490358821e-02 
Katm[222] = 1.41936203313585349028e-02 
Katm[223] = 1.40993897301464662236e-02 
Katm[224] = 1.40057847202914656504e-02 
Katm[225] = 1.39128011485297169852e-02 
Katm[226] = 1.38204348891706931685e-02 
Katm[227] = 1.37286818439140458070e-02 
Katm[228] = 1.36375379416678287059e-02 
Katm[229] = 1.35469991383678298874e-02 
Katm[230] = 1.34570614167981265907e-02 
Katm[231] = 1.33677207864128753945e-02 
Katm[232] = 1.32789732831591917456e-02 
Katm[233] = 1.31908149693013409393e-02 
Katm[234] = 1.31032419332459612593e-02 
Katm[235] = 1.30162502893685361194e-02 
Katm[236] = 1.29298361778409729578e-02 
Katm[237] = 1.28439957644603443970e-02 
Katm[238] = 1.27587252404787795251e-02 
Katm[239] = 1.26740208224344497873e-02 
Katm[240] = 1.25898787519837084686e-02 
Katm[241] = 1.25062952957343265226e-02 
Katm[242] = 1.24232667450798420911e-02 
Katm[243] = 1.23407894160350185137e-02 
Katm[244] = 1.22588596490723726606e-02 
Katm[245] = 1.21774738089597996116e-02 
Katm[246] = 1.20966282845993040873e-02 
Katm[247] = 1.20163194888667397564e-02 
Katm[248] = 1.19365438584526639687e-02 
Katm[249] = 1.18572978537042350577e-02 
Katm[250] = 1.17785779584681643550e-02 
Katm[251] = 1.17003806799346864870e-02 
Katm[252] = 1.16227025484825999962e-02 
Katm[253] = 1.15455401175253019597e-02 
Katm[254] = 1.14688899633578825221e-02 
Katm[255] = 1.13927486850052012840e-02 
done with restart init.
LOG      t=116.259 	 divbmax: 135 105 4.30256e-12
DUMP     file=dumps/dump005
Starting get_color_map().... 
Ending get_color_map().... 
h012f012    116.27   0.012048     9500          0
h012f012    116.28   0.012034     9501          0
h012f012    116.29   0.012035     9502          0
h012f012    116.31   0.012022     9503          0
h012f012    116.32   0.012026     9504          0
h012f012    116.33   0.012021     9505          0
h012f012    116.34   0.012005     9506          0
h012f012    116.35   0.011992     9507          0
h012f012    116.37   0.011985     9508          0
h012f012    116.38   0.011972     9509          0
h012f012    116.39   0.011971     9510          0
h012f012     116.4   0.011961     9511          0
h012f012    116.41   0.011963     9512          0
h012f012    116.43   0.011949     9513          0
h012f012    116.44   0.011936     9514          0
h012f012    116.45   0.011923     9515          0
h012f012    116.46   0.011917     9516          0
h012f012    116.47   0.011906     9517          0
h012f012    116.49   0.011905     9518          0
h012f012     116.5   0.011897     9519          0
h012f012    116.51   0.011887     9520          0
h012f012    116.52   0.011874     9521          0
h012f012    116.53   0.011863     9522          0
h012f012    116.55    0.01185     9523          0
h012f012    116.56   0.011845     9524          0
h012f012    116.57   0.011837     9525          0
h012f012    116.58   0.011835     9526          0
h012f012    116.59   0.011825     9527          0
h012f012     116.6   0.011809     9528          0
h012f012    116.62   0.011795     9529          0
h012f012    116.63   0.011787     9530          0
h012f012    116.64   0.011773     9531          0
h012f012    116.65    0.01177     9532          0
h012f012    116.66   0.011763     9533          0
h012f012    116.68   0.011764     9534          0
h012f012    116.69   0.011742     9535          0
h012f012     116.7    0.01173     9536          0
h012f012    116.71   0.011717     9537          0
h012f012    116.72   0.011707     9538          0
h012f012    116.73   0.011696     9539          0
h012f012    116.75   0.011696     9540          0
h012f012    116.76   0.011688     9541          0
h012f012    116.77   0.011686     9542          0
h012f012    116.78   0.011663     9543          0
h012f012    116.79   0.011655     9544          0
h012f012     116.8   0.011642     9545          0
h012f012    116.82   0.011632     9546          0
h012f012    116.83   0.011622     9547          0
h012f012    116.84    0.01162     9548          0
h012f012    116.85   0.011616     9549          0
h012f012    116.86   0.011609     9550          0
h012f012    116.87   0.011593     9551          0
h012f012    116.89   0.011586     9552          0
h012f012     116.9    0.01157     9553          0
h012f012    116.91   0.011561     9554          0
h012f012    116.92   0.011555     9555          0
h012f012    116.93   0.011549     9556          0
h012f012    116.94   0.011548     9557          0
h012f012    116.95   0.011539     9558          0
h012f012    116.97   0.011528     9559          0
h012f012    116.98   0.011517     9560          0
h012f012    116.99   0.011507     9561          0
h012f012       117   0.011496     9562          0
h012f012    117.01   0.011491     9563          0
h012f012    117.02   0.011485     9564          0
h012f012    117.04   0.011485     9565          0
h012f012    117.05   0.011471     9566          0
h012f012    117.06   0.011462     9567          0
h012f012    117.07    0.01145     9568          0
h012f012    117.08   0.011441     9569          0
h012f012    117.09    0.01143     9570          0
h012f012     117.1   0.011425     9571          0
h012f012    117.12   0.011421     9572          0
h012f012    117.13   0.011423     9573          0
h012f012    117.14   0.011399     9574          0
h012f012    117.15   0.011391     9575          0
h012f012    117.16   0.011378     9576          0
h012f012    117.17    0.01137     9577          0
h012f012    117.18   0.011358     9578          0
h012f012     117.2   0.011354     9579          0
h012f012    117.21   0.011351     9580          0
h012f012    117.22   0.011345     9581          0
h012f012    117.23   0.011327     9582          0
h012f012    117.24    0.01132     9583          0
h012f012    117.25   0.011306     9584          0
h012f012    117.26     0.0113     9585          0
h012f012    117.27   0.011292     9586          0
h012f012    117.29    0.01129     9587          0
h012f012     117.3   0.011287     9588          0
h012f012    117.31   0.011268     9589          0
h012f012    117.32   0.011256     9590          0
h012f012    117.33   0.011249     9591          0
h012f012    117.34   0.011239     9592          0
h012f012    117.35   0.011234     9593          0
h012f012    117.36   0.011227     9594          0
h012f012    117.38   0.011223     9595          0
h012f012    117.39   0.011223     9596          0
h012f012     117.4   0.011216     9597          0
h012f012    117.41   0.011189     9598          0
h012f012    117.42   0.011172     9599          0
RESTART file=dumps/rdump1
h012f012    117.43   0.011157     9600          0
h012f012    117.44   0.011147     9601          0
h012f012    117.45   0.011137     9602          0
h012f012    117.47   0.011132     9603          0
h012f012    117.48   0.011132     9604          0
h012f012    117.49   0.011134     9605          0
h012f012     117.5   0.011135     9606          0
h012f012    117.51   0.011121     9607          0
h012f012    117.52   0.011109     9608          0
h012f012    117.53   0.011099     9609          0
h012f012    117.54   0.011098     9610          0
h012f012    117.55   0.011093     9611          0
h012f012    117.57   0.011095     9612          0
h012f012    117.58   0.011099     9613          0
h012f012    117.59   0.011107     9614          0
h012f012     117.6   0.011113     9615          0
h012f012    117.61   0.011123     9616          0
h012f012    117.62   0.011135     9617          0
h012f012    117.63    0.01115     9618          0
h012f012    117.64   0.011165     9619          0
h012f012    117.65   0.011182     9620          0
h012f012    117.67   0.011202     9621          0
h012f012    117.68   0.011225     9622          0
h012f012    117.69   0.011247     9623          0
h012f012     117.7   0.011272     9624          0
h012f012    117.71     0.0113     9625          0
h012f012    117.72   0.011329     9626          0
h012f012    117.73   0.011358     9627          0
h012f012    117.74    0.01139     9628          0
h012f012    117.76   0.011425     9629          0
h012f012    117.77    0.01146     9630          0
h012f012    117.78   0.011496     9631          0
h012f012    117.79   0.011535     9632          0
h012f012     117.8   0.011576     9633          0
h012f012    117.81   0.011616     9634          0
h012f012    117.83   0.011658     9635          0
h012f012    117.84   0.011702     9636          0
h012f012    117.85   0.011747     9637          0
h012f012    117.86   0.011792     9638          0
h012f012    117.87   0.011839     9639          0
h012f012    117.88   0.011887     9640          0
h012f012     117.9   0.011936     9641          0
h012f012    117.91   0.011981     9642          0
h012f012    117.92   0.011969     9643          0
h012f012    117.93   0.011963     9644          0
h012f012    117.94   0.011971     9645          0
h012f012    117.96   0.011968     9646          0
h012f012    117.97   0.011961     9647          0
h012f012    117.98   0.011959     9648          0
h012f012    117.99   0.011946     9649          0
h012f012       118   0.011934     9650          0
h012f012    118.02   0.011932     9651          0
h012f012    118.03    0.01194     9652          0
h012f012    118.04   0.011944     9653          0
h012f012    118.05   0.011946     9654          0
h012f012    118.06   0.011936     9655          0
h012f012    118.08   0.011918     9656          0
h012f012    118.09   0.011908     9657          0
h012f012     118.1   0.011904     9658          0
h012f012    118.11   0.011903     9659          0
h012f012    118.12   0.011903     9660          0
h012f012    118.13   0.011896     9661          0
h012f012    118.15   0.011887     9662          0
h012f012    118.16   0.011869     9663          0
h012f012    118.17   0.011855     9664          0
h012f012    118.18   0.011844     9665          0
h012f012    118.19   0.011836     9666          0
h012f012    118.21    0.01183     9667          0
h012f012    118.22   0.011828     9668          0
h012f012    118.23   0.011824     9669          0
h012f012    118.24   0.011807     9670          0
h012f012    118.25   0.011788     9671          0
h012f012    118.26   0.011773     9672          0
LOG      t=118.265 	 divbmax: 175 74 4.43734e-12
h012f012    118.28   0.011761     9673          0
h012f012    118.29   0.011755     9674          0
h012f012     118.3   0.011749     9675          0
h012f012    118.31   0.011745     9676          0
h012f012    118.32   0.011743     9677          0
h012f012    118.34   0.011746     9678          0
h012f012    118.35   0.011726     9679          0
h012f012    118.36   0.011717     9680          0
h012f012    118.37   0.011708     9681          0
h012f012    118.38   0.011701     9682          0
h012f012    118.39   0.011697     9683          0
h012f012    118.41   0.011696     9684          0
h012f012    118.42   0.011698     9685          0
h012f012    118.43   0.011698     9686          0
h012f012    118.44   0.011692     9687          0
h012f012    118.45    0.01168     9688          0
h012f012    118.46   0.011669     9689          0
h012f012    118.48   0.011661     9690          0
h012f012    118.49   0.011656     9691          0
h012f012     118.5   0.011656     9692          0
h012f012    118.51   0.011659     9693          0
h012f012    118.52    0.01165     9694          0
h012f012    118.53   0.011631     9695          0
h012f012    118.55   0.011616     9696          0
h012f012    118.56   0.011604     9697          0
h012f012    118.57   0.011593     9698          0
h012f012    118.58   0.011589     9699          0
RESTART  file=dumps/rdump0
h012f012    118.59   0.011589     9700          0
h012f012     118.6   0.011591     9701          0
h012f012    118.62   0.011576     9702          0
h012f012    118.63   0.011557     9703          0
h012f012    118.64   0.011543     9704          0
h012f012    118.65   0.011531     9705          0
h012f012    118.66   0.011522     9706          0
h012f012    118.67   0.011519     9707          0
h012f012    118.68   0.011519     9708          0
h012f012     118.7   0.011523     9709          0
h012f012    118.71   0.011508     9710          0
h012f012    118.72    0.01149     9711          0
h012f012    118.73   0.011476     9712          0
h012f012    118.74   0.011466     9713          0
h012f012    118.75   0.011459     9714          0
h012f012    118.77   0.011457     9715          0
h012f012    118.78   0.011459     9716          0
h012f012    118.79    0.01145     9717          0
h012f012     118.8   0.011428     9718          0
h012f012    118.81    0.01141     9719          0
h012f012    118.82   0.011396     9720          0
h012f012    118.83   0.011387     9721          0
h012f012    118.85    0.01138     9722          0
h012f012    118.86   0.011376     9723          0
h012f012    118.87   0.011375     9724          0
h012f012    118.88   0.011378     9725          0
h012f012    118.89   0.011383     9726          0
h012f012     118.9   0.011375     9727          0
h012f012    118.91    0.01136     9728          0
h012f012    118.92   0.011346     9729          0
h012f012    118.94   0.011335     9730          0
h012f012    118.95   0.011328     9731          0
h012f012    118.96   0.011323     9732          0
h012f012    118.97   0.011322     9733          0
h012f012    118.98   0.011322     9734          0
h012f012    118.99   0.011328     9735          0
h012f012       119   0.011316     9736          0
h012f012    119.02   0.011298     9737          0
h012f012    119.03   0.011282     9738          0
h012f012    119.04   0.011271     9739          0
h012f012    119.05   0.011264     9740          0
h012f012    119.06   0.011261     9741          0
h012f012    119.07   0.011262     9742          0
h012f012    119.08   0.011266     9743          0
h012f012    119.09   0.011271     9744          0
h012f012    119.11    0.01128     9745          0
h012f012    119.12   0.011293     9746          0
h012f012    119.13   0.011307     9747          0
h012f012    119.14   0.011325     9748          0
h012f012    119.15   0.011345     9749          0
h012f012    119.16   0.011367     9750          0
h012f012    119.17   0.011392     9751          0
h012f012    119.18   0.011418     9752          0
h012f012     119.2   0.011445     9753          0
h012f012    119.21   0.011476     9754          0
h012f012    119.22   0.011505     9755          0
h012f012    119.23   0.011537     9756          0
h012f012    119.24   0.011569     9757          0
h012f012    119.25    0.01159     9758          0
h012f012    119.27   0.011595     9759          0
h012f012    119.28    0.01159     9760          0
h012f012    119.29   0.011584     9761          0
h012f012     119.3   0.011576     9762          0
h012f012    119.31   0.011546     9763          0
h012f012    119.32   0.011547     9764          0
h012f012    119.33   0.011541     9765          0
h012f012    119.35    0.01154     9766          0
h012f012    119.36   0.011545     9767          0
h012f012    119.37   0.011527     9768          0
h012f012    119.38   0.011518     9769          0
h012f012    119.39   0.011514     9770          0
h012f012     119.4   0.011474     9771          0
h012f012    119.42   0.011453     9772          0
h012f012    119.43    0.01147     9773          0
h012f012    119.44   0.011485     9774          0
h012f012    119.45   0.011472     9775          0
h012f012    119.46   0.011458     9776          0
h012f012    119.47   0.011447     9777          0
h012f012    119.48    0.01144     9778          0
h012f012     119.5   0.011417     9779          0
h012f012    119.51   0.011377     9780          0
h012f012    119.52   0.011388     9781          0
h012f012    119.53   0.011389     9782          0
h012f012    119.54   0.011393     9783          0
h012f012    119.55   0.011382     9784          0
h012f012    119.56   0.011369     9785          0
h012f012    119.58   0.011359     9786          0
h012f012    119.59   0.011353     9787          0
h012f012     119.6   0.011307     9788          0
h012f012    119.61   0.011294     9789          0
h012f012    119.62     0.0113     9790          0
h012f012    119.63     0.0113     9791          0
h012f012    119.64   0.011304     9792          0
h012f012    119.65   0.011303     9793          0
h012f012    119.67   0.011279     9794          0
h012f012    119.68   0.011191     9795          0
h012f012    119.69   0.011187     9796          0
h012f012     119.7   0.011206     9797          0
h012f012    119.71    0.01123     9798          0
h012f012    119.72   0.011233     9799          0
RESTART file=dumps/rdump1
h012f012    119.73   0.011228     9800          0
h012f012    119.74   0.011203     9801          0
h012f012    119.76    0.01113     9802          0
h012f012    119.77   0.011106     9803          0
h012f012    119.78   0.011129     9804          0
h012f012    119.79   0.011156     9805          0
h012f012     119.8   0.011159     9806          0
h012f012    119.81   0.011155     9807          0
h012f012    119.82   0.011158     9808          0
h012f012    119.83   0.011146     9809          0
h012f012    119.84   0.011144     9810          0
h012f012    119.86   0.011139     9811          0
h012f012    119.87   0.011087     9812          0
h012f012    119.88   0.011063     9813          0
h012f012    119.89   0.011075     9814          0
h012f012     119.9   0.011095     9815          0
h012f012    119.91   0.011079     9816          0
h012f012    119.92   0.011079     9817          0
h012f012    119.93   0.011067     9818          0
h012f012    119.94   0.011058     9819          0
h012f012    119.96   0.011045     9820          0
h012f012    119.97   0.011032     9821          0
h012f012    119.98   0.011019     9822          0
h012f012    119.99    0.01101     9823          0
h012f012       120    0.01101     9824          0
h012f012    120.01   0.011007     9825          0
h012f012    120.02   0.011007     9826          0
h012f012    120.03    0.01101     9827          0
h012f012    120.04   0.011018     9828          0
h012f012    120.05   0.011039     9829          0
h012f012    120.07   0.011043     9830          0
h012f012    120.08   0.011062     9831          0
h012f012    120.09   0.011092     9832          0
h012f012     120.1   0.011047     9833          0
h012f012    120.11   0.011011     9834          0
h012f012    120.12   0.011003     9835          0
h012f012    120.13   0.011006     9836          0
h012f012    120.14   0.010988     9837          0
h012f012    120.15    0.01098     9838          0
h012f012    120.17   0.010977     9839          0
h012f012    120.18   0.010974     9840          0
h012f012    120.19   0.010972     9841          0
h012f012     120.2   0.010974     9842          0
h012f012    120.21   0.010974     9843          0
h012f012    120.22   0.010974     9844          0
h012f012    120.23   0.010975     9845          0
h012f012    120.24   0.010981     9846          0
h012f012    120.25   0.010989     9847          0
h012f012    120.26   0.010995     9848          0
LOG      t=120.264 	 divbmax: 198 131 4.25876e-12
h012f012    120.27   0.011016     9849          0
h012f012    120.29   0.011011     9850          0
h012f012     120.3   0.011003     9851          0
h012f012    120.31      0.011     9852          0
h012f012    120.32   0.011063     9853          0
h012f012    120.33   0.011096     9854          0
h012f012    120.34    0.01113     9855          0
h012f012    120.35   0.011129     9856          0
h012f012    120.36    0.01113     9857          0
h012f012    120.37   0.011132     9858          0
h012f012    120.39   0.011136     9859          0
h012f012     120.4   0.011145     9860          0
h012f012    120.41   0.011158     9861          0
h012f012    120.42   0.011172     9862          0
h012f012    120.43   0.011162     9863          0
h012f012    120.44   0.011154     9864          0
h012f012    120.45   0.011155     9865          0
h012f012    120.46    0.01121     9866          0
h012f012    120.47   0.011179     9867          0
h012f012    120.49   0.011161     9868          0
h012f012     120.5   0.011179     9869          0
h012f012    120.51   0.011209     9870          0
h012f012    120.52   0.011248     9871          0
h012f012    120.53   0.011242     9872          0
h012f012    120.54   0.011165     9873          0
h012f012    120.55   0.011133     9874          0
h012f012    120.56   0.011119     9875          0
h012f012    120.58   0.011128     9876          0
h012f012    120.59   0.011156     9877          0
h012f012     120.6   0.011192     9878          0
h012f012    120.61   0.011144     9879          0
h012f012    120.62   0.011095     9880          0
h012f012    120.63   0.011089     9881          0
h012f012    120.64   0.011109     9882          0
h012f012    120.65   0.011139     9883          0
h012f012    120.66   0.011181     9884          0
h012f012    120.68    0.01118     9885          0
h012f012    120.69   0.011145     9886          0
h012f012     120.7   0.011114     9887          0
h012f012    120.71   0.011099     9888          0
h012f012    120.72   0.011103     9889          0
h012f012    120.73   0.011129     9890          0
h012f012    120.74    0.01113     9891          0
h012f012    120.75   0.011051     9892          0
h012f012    120.76   0.011016     9893          0
h012f012    120.78   0.011025     9894          0
h012f012    120.79    0.01104     9895          0
h012f012     120.8   0.011069     9896          0
h012f012    120.81   0.011108     9897          0
h012f012    120.82   0.011111     9898          0
h012f012    120.83   0.011044     9899          0
RESTART  file=dumps/rdump0
h012f012    120.84   0.011028     9900          0
h012f012    120.85   0.011054     9901          0
h012f012    120.86   0.011078     9902          0
h012f012    120.88   0.011081     9903          0
h012f012    120.89   0.010996     9904          0
h012f012     120.9   0.010952     9905          0
h012f012    120.91   0.010955     9906          0
h012f012    120.92   0.010962     9907          0
h012f012    120.93   0.010987     9908          0
h012f012    120.94   0.011022     9909          0
h012f012    120.95   0.011023     9910          0
h012f012    120.96    0.01097     9911          0
h012f012    120.97   0.010958     9912          0
h012f012    120.99    0.01098     9913          0
h012f012       121   0.011007     9914          0
h012f012    121.01   0.011012     9915          0
h012f012    121.02   0.010955     9916          0
h012f012    121.03   0.010908     9917          0
h012f012    121.04   0.010901     9918          0
h012f012    121.05   0.010903     9919          0
h012f012    121.06   0.010931     9920          0
h012f012    121.07   0.010975     9921          0
h012f012    121.08   0.010921     9922          0
h012f012    121.09   0.010884     9923          0
h012f012    121.11   0.010883     9924          0
h012f012    121.12     0.0109     9925          0
h012f012    121.13   0.010933     9926          0
h012f012    121.14   0.010962     9927          0
h012f012    121.15   0.010977     9928          0
h012f012    121.16   0.010914     9929          0
h012f012    121.17     0.0109     9930          0
h012f012    121.18   0.010922     9931          0
h012f012    121.19   0.010951     9932          0
h012f012     121.2   0.010894     9933          0
h012f012    121.21   0.010837     9934          0
h012f012    121.23    0.01081     9935          0
h012f012    121.24   0.010814     9936          0
h012f012    121.25   0.010832     9937          0
h012f012    121.26   0.010862     9938          0
h012f012    121.27   0.010909     9939          0
h012f012    121.28   0.010855     9940          0
h012f012    121.29   0.010833     9941          0
h012f012     121.3    0.01085     9942          0
h012f012    121.31    0.01087     9943          0
h012f012    121.32   0.010865     9944          0
h012f012    121.33    0.01081     9945          0
h012f012    121.34   0.010765     9946          0
h012f012    121.36   0.010759     9947          0
h012f012    121.37   0.010768     9948          0
h012f012    121.38     0.0108     9949          0
h012f012    121.39   0.010846     9950          0
h012f012     121.4   0.010777     9951          0
h012f012    121.41    0.01075     9952          0
h012f012    121.42   0.010762     9953          0
h012f012    121.43   0.010785     9954          0
h012f012    121.44   0.010819     9955          0
h012f012    121.45   0.010836     9956          0
h012f012    121.46   0.010798     9957          0
h012f012    121.47   0.010778     9958          0
h012f012    121.49   0.010791     9959          0
h012f012     121.5   0.010818     9960          0
h012f012    121.51   0.010763     9961          0
h012f012    121.52     0.0107     9962          0
h012f012    121.53   0.010676     9963          0
h012f012    121.54   0.010683     9964          0
h012f012    121.55   0.010708     9965          0
h012f012    121.56   0.010747     9966          0
h012f012    121.57   0.010762     9967          0
h012f012    121.58   0.010717     9968          0
h012f012    121.59   0.010714     9969          0
h012f012     121.6   0.010738     9970          0
h012f012    121.61   0.010729     9971          0
h012f012    121.62   0.010713     9972          0
h012f012    121.64   0.010646     9973          0
h012f012    121.65   0.010633     9974          0
h012f012    121.66   0.010644     9975          0
h012f012    121.67   0.010689     9976          0
h012f012    121.68    0.01072     9977          0
h012f012    121.69   0.010653     9978          0
h012f012     121.7   0.010626     9979          0
h012f012    121.71   0.010637     9980          0
h012f012    121.72    0.01067     9981          0
h012f012    121.73   0.010701     9982          0
h012f012    121.74   0.010711     9983          0
h012f012    121.75    0.01067     9984          0
h012f012    121.76   0.010676     9985          0
h012f012    121.77    0.01068     9986          0
h012f012    121.78   0.010663     9987          0
h012f012     121.8   0.010591     9988          0
h012f012    121.81   0.010559     9989          0
h012f012    121.82   0.010564     9990          0
h012f012    121.83   0.010592     9991          0
h012f012    121.84   0.010636     9992          0
h012f012    121.85   0.010639     9993          0
h012f012    121.86   0.010605     9994          0
h012f012    121.87   0.010616     9995          0
h012f012    121.88   0.010605     9996          0
h012f012    121.89   0.010594     9997          0
h012f012     121.9   0.010562     9998          0
h012f012    121.91   0.010524     9999          0
RESTART file=dumps/rdump1
h012f012    121.92   0.010526    10000          0
h012f012    121.93   0.010564    10001          0
h012f012    121.94   0.010626    10002          0
h012f012    121.95    0.01056    10003          0
h012f012    121.96   0.010516    10004          0
h012f012    121.98   0.010517    10005          0
h012f012    121.99   0.010544    10006          0
h012f012       122   0.010593    10007          0
h012f012    122.01    0.01059    10008          0
h012f012    122.02   0.010558    10009          0
h012f012    122.03   0.010565    10010          0
h012f012    122.04   0.010554    10011          0
h012f012    122.05   0.010537    10012          0
h012f012    122.06   0.010458    10013          0
h012f012    122.07   0.010449    10014          0
h012f012    122.08   0.010457    10015          0
h012f012    122.09   0.010488    10016          0
h012f012     122.1   0.010529    10017          0
h012f012    122.11     0.0105    10018          0
h012f012    122.12   0.010495    10019          0
h012f012    122.13   0.010482    10020          0
h012f012    122.14   0.010466    10021          0
h012f012    122.15    0.01046    10022          0
h012f012    122.16   0.010408    10023          0
h012f012    122.17   0.010409    10024          0
h012f012    122.19   0.010452    10025          0
h012f012     122.2   0.010514    10026          0
h012f012    122.21   0.010441    10027          0
h012f012    122.22   0.010388    10028          0
h012f012    122.23   0.010387    10029          0
h012f012    122.24   0.010411    10030          0
h012f012    122.25    0.01047    10031          0
h012f012    122.26   0.010462    10032          0
h012f012    122.27   0.010446    10033          0
LOG      t=122.269 	 divbmax: 198 131 4.37023e-12
h012f012    122.28   0.010442    10034          0
h012f012    122.29   0.010429    10035          0
h012f012     122.3    0.01039    10036          0
h012f012    122.31   0.010316    10037          0
h012f012    122.32   0.010311    10038          0
h012f012    122.33   0.010326    10039          0
h012f012    122.34   0.010375    10040          0
h012f012    122.35   0.010418    10041          0
h012f012    122.36   0.010379    10042          0
h012f012    122.37   0.010366    10043          0
h012f012    122.38   0.010344    10044          0
h012f012    122.39   0.010355    10045          0
h012f012     122.4   0.010283    10046          0
h012f012    122.41    0.01029    10047          0
h012f012    122.42   0.010336    10048          0
h012f012    122.43   0.010373    10049          0
h012f012    122.45    0.01032    10050          0
h012f012    122.46   0.010286    10051          0
h012f012    122.47    0.01025    10052          0
h012f012    122.48   0.010262    10053          0
h012f012    122.49   0.010303    10054          0
h012f012     122.5   0.010361    10055          0
h012f012    122.51   0.010348    10056          0
h012f012    122.52   0.010332    10057          0
h012f012    122.53   0.010315    10058          0
h012f012    122.54     0.0103    10059          0
h012f012    122.55   0.010212    10060          0
h012f012    122.56    0.01018    10061          0
h012f012    122.57   0.010212    10062          0
h012f012    122.58   0.010276    10063          0
h012f012    122.59   0.010311    10064          0
h012f012     122.6   0.010269    10065          0
h012f012    122.61   0.010224    10066          0
h012f012    122.62   0.010243    10067          0
h012f012    122.63   0.010247    10068          0
h012f012    122.64   0.010212    10069          0
h012f012    122.65   0.010248    10070          0
h012f012    122.66   0.010287    10071          0
h012f012    122.67   0.010215    10072          0
h012f012    122.68   0.010248    10073          0
h012f012    122.69   0.010162    10074          0
h012f012     122.7   0.010124    10075          0
h012f012    122.71   0.010156    10076          0
h012f012    122.72   0.010209    10077          0
h012f012    122.73   0.010271    10078          0
h012f012    122.74   0.010236    10079          0
h012f012    122.75   0.010208    10080          0
h012f012    122.76     0.0102    10081          0
h012f012    122.77   0.010139    10082          0
h012f012    122.78   0.010097    10083          0
h012f012    122.79   0.010131    10084          0
h012f012     122.8   0.010222    10085          0
h012f012    122.81   0.010164    10086          0
h012f012    122.82   0.010144    10087          0
h012f012    122.83    0.01012    10088          0
h012f012    122.84   0.010093    10089          0
h012f012    122.85   0.010127    10090          0
h012f012    122.86   0.010204    10091          0
h012f012    122.87    0.01021    10092          0
h012f012    122.88   0.010136    10093          0
h012f012    122.89   0.010176    10094          0
h012f012    122.91   0.010155    10095          0
h012f012    122.92   0.010044    10096          0
h012f012    122.93   0.010025    10097          0
h012f012    122.94   0.010085    10098          0
h012f012    122.95   0.010186    10099          0
RESTART  file=dumps/rdump0
h012f012    122.96   0.010141    10100          0
h012f012    122.97   0.010068    10101          0
h012f012    122.98   0.010013    10102          0
h012f012    122.99  0.0099998    10103          0
h012f012       123   0.010001    10104          0
h012f012    123.01   0.010029    10105          0
h012f012    123.02   0.010126    10106          0
h012f012    123.03   0.010067    10107          0
h012f012    123.04   0.010077    10108          0
h012f012    123.05   0.010176    10109          0
h012f012    123.06   0.010149    10110          0
h012f012    123.07   0.010154    10111          0
h012f012    123.08   0.010175    10112          0
h012f012    123.09   0.010169    10113          0
h012f012     123.1   0.010157    10114          0
h012f012    123.11   0.010152    10115          0
h012f012    123.12   0.010153    10116          0
h012f012    123.13   0.010145    10117          0
h012f012    123.14   0.010206    10118          0
h012f012    123.15   0.010316    10119          0
h012f012    123.16   0.010313    10120          0
h012f012    123.17    0.01025    10121          0
h012f012    123.18   0.010299    10122          0
h012f012    123.19   0.010288    10123          0
h012f012     123.2   0.010285    10124          0
h012f012    123.21   0.010242    10125          0
h012f012    123.22   0.010215    10126          0
h012f012    123.23   0.010248    10127          0
h012f012    123.24    0.01024    10128          0
h012f012    123.25    0.01025    10129          0
h012f012    123.26   0.010273    10130          0
h012f012    123.27   0.010311    10131          0
h012f012    123.28    0.01041    10132          0
h012f012    123.29   0.010393    10133          0
h012f012     123.3   0.010401    10134          0
h012f012    123.31   0.010426    10135          0
h012f012    123.32   0.010476    10136          0
h012f012    123.33   0.010539    10137          0
h012f012    123.34   0.010531    10138          0
h012f012    123.35   0.010544    10139          0
h012f012    123.37   0.010575    10140          0
h012f012    123.38   0.010644    10141          0
h012f012    123.39   0.010676    10142          0
h012f012     123.4   0.010673    10143          0
h012f012    123.41   0.010691    10144          0
h012f012    123.42   0.010726    10145          0
h012f012    123.43   0.010841    10146          0
h012f012    123.44    0.01082    10147          0
h012f012    123.45   0.010819    10148          0
h012f012    123.46   0.010838    10149          0
h012f012    123.47   0.010876    10150          0
h012f012    123.48   0.010993    10151          0
h012f012    123.49   0.010965    10152          0
h012f012    123.51   0.010966    10153          0
h012f012    123.52   0.010985    10154          0
h012f012    123.53   0.011025    10155          0
h012f012    123.54    0.01114    10156          0
h012f012    123.55   0.011113    10157          0
h012f012    123.56   0.011113    10158          0
h012f012    123.57    0.01113    10159          0
h012f012    123.58   0.011168    10160          0
h012f012    123.59    0.01125    10161          0
h012f012    123.61   0.011226    10162          0
h012f012    123.62   0.011206    10163          0
h012f012    123.63   0.011196    10164          0
h012f012    123.64   0.011189    10165          0
h012f012    123.65   0.011181    10166          0
h012f012    123.66   0.011187    10167          0
h012f012    123.67   0.011189    10168          0
h012f012    123.68   0.011166    10169          0
h012f012    123.69   0.011147    10170          0
h012f012    123.71   0.011134    10171          0
h012f012    123.72   0.011111    10172          0
h012f012    123.73   0.011093    10173          0
h012f012    123.74   0.011087    10174          0
h012f012    123.75   0.011091    10175          0
h012f012    123.76   0.011089    10176          0
h012f012    123.77   0.011098    10177          0
h012f012    123.78   0.011075    10178          0
h012f012    123.79   0.011051    10179          0
h012f012    123.81   0.011034    10180          0
h012f012    123.82   0.011025    10181          0
h012f012    123.83   0.011008    10182          0
h012f012    123.84   0.010995    10183          0
h012f012    123.85   0.010994    10184          0
h012f012    123.86   0.011004    10185          0
h012f012    123.87   0.011007    10186          0
h012f012    123.88   0.010993    10187          0
h012f012    123.89   0.010968    10188          0
h012f012     123.9   0.010947    10189          0
h012f012    123.92   0.010933    10190          0
h012f012    123.93    0.01093    10191          0
h012f012    123.94   0.010917    10192          0
h012f012    123.95   0.010911    10193          0
h012f012    123.96   0.010916    10194          0
h012f012    123.97   0.010922    10195          0
h012f012    123.98   0.010902    10196          0
h012f012    123.99    0.01089    10197          0
h012f012       124   0.010872    10198          0
h012f012    124.01   0.010854    10199          0
RESTART file=dumps/rdump1
h012f012    124.02   0.010846    10200          0
h012f012    124.04   0.010849    10201          0
h012f012    124.05   0.010841    10202          0
h012f012    124.06   0.010841    10203          0
h012f012    124.07   0.010846    10204          0
h012f012    124.08   0.010822    10205          0
h012f012    124.09   0.010808    10206          0
h012f012     124.1     0.0108    10207          0
h012f012    124.11   0.010786    10208          0
h012f012    124.12   0.010774    10209          0
h012f012    124.13   0.010774    10210          0
h012f012    124.14   0.010781    10211          0
h012f012    124.15   0.010778    10212          0
h012f012    124.17   0.010774    10213          0
h012f012    124.18   0.010752    10214          0
h012f012    124.19   0.010735    10215          0
h012f012     124.2   0.010724    10216          0
h012f012    124.21   0.010722    10217          0
h012f012    124.22   0.010713    10218          0
h012f012    124.23    0.01071    10219          0
h012f012    124.24   0.010719    10220          0
h012f012    124.25   0.010711    10221          0
h012f012    124.26   0.010694    10222          0
LOG      t=124.262 	 divbmax: 198 131 4.44317e-12
h012f012    124.27   0.010684    10223          0
h012f012    124.28   0.010673    10224          0
h012f012    124.29   0.010659    10225          0
h012f012     124.3   0.010656    10226          0
h012f012    124.32   0.010658    10227          0
h012f012    124.33   0.010657    10228          0
h012f012    124.34   0.010665    10229          0
h012f012    124.35   0.010648    10230          0
h012f012    124.36   0.010628    10231          0
h012f012    124.37   0.010618    10232          0
h012f012    124.38   0.010611    10233          0
h012f012    124.39   0.010606    10234          0
h012f012     124.4   0.010601    10235          0
h012f012    124.41   0.010605    10236          0
h012f012    124.42   0.010613    10237          0
h012f012    124.43   0.010592    10238          0
h012f012    124.44    0.01058    10239          0
h012f012    124.45   0.010568    10240          0
h012f012    124.46   0.010559    10241          0
h012f012    124.47   0.010554    10242          0
h012f012    124.48   0.010553    10243          0
h012f012     124.5   0.010555    10244          0
h012f012    124.51   0.010557    10245          0
h012f012    124.52    0.01054    10246          0
h012f012    124.53   0.010526    10247          0
h012f012    124.54   0.010515    10248          0
h012f012    124.55   0.010507    10249          0
h012f012    124.56   0.010503    10250          0
h012f012    124.57   0.010502    10251          0
h012f012    124.58   0.010505    10252          0
h012f012    124.59   0.010494    10253          0
h012f012     124.6   0.010479    10254          0
h012f012    124.61   0.010467    10255          0
h012f012    124.62   0.010456    10256          0
h012f012    124.63    0.01045    10257          0
h012f012    124.64   0.010448    10258          0
h012f012    124.65   0.010449    10259          0
h012f012    124.66    0.01044    10260          0
h012f012    124.67   0.010423    10261          0
h012f012    124.68    0.01041    10262          0
h012f012    124.69   0.010401    10263          0
h012f012     124.7   0.010393    10264          0
h012f012    124.72   0.010389    10265          0
h012f012    124.73   0.010391    10266          0
h012f012    124.74   0.010381    10267          0
h012f012    124.75   0.010363    10268          0
h012f012    124.76    0.01035    10269          0
h012f012    124.77   0.010339    10270          0
h012f012    124.78    0.01033    10271          0
h012f012    124.79   0.010323    10272          0
h012f012     124.8   0.010319    10273          0
h012f012    124.81   0.010321    10274          0
h012f012    124.82   0.010325    10275          0
h012f012    124.83   0.010317    10276          0
h012f012    124.84     0.0103    10277          0
h012f012    124.85   0.010287    10278          0
h012f012    124.86   0.010277    10279          0
h012f012    124.87   0.010271    10280          0
h012f012    124.88   0.010267    10281          0
h012f012    124.89   0.010271    10282          0
h012f012     124.9   0.010276    10283          0
h012f012    124.91   0.010263    10284          0
h012f012    124.92   0.010249    10285          0
h012f012    124.93   0.010238    10286          0
h012f012    124.94   0.010231    10287          0
h012f012    124.95   0.010225    10288          0
h012f012    124.96   0.010222    10289          0
h012f012    124.97   0.010222    10290          0
h012f012    124.98   0.010226    10291          0
h012f012    124.99   0.010231    10292          0
h012f012       125   0.010239    10293          0
h012f012    125.01   0.010251    10294          0
h012f012    125.02   0.010265    10295          0
h012f012    125.03    0.01028    10296          0
h012f012    125.04   0.010297    10297          0
h012f012    125.05   0.010317    10298          0
h012f012    125.07   0.010339    10299          0
RESTART  file=dumps/rdump0
h012f012    125.08   0.010362    10300          0
h012f012    125.09   0.010386    10301          0
h012f012     125.1   0.010412    10302          0
h012f012    125.11   0.010439    10303          0
h012f012    125.12   0.010469    10304          0
h012f012    125.13   0.010499    10305          0
h012f012    125.14    0.01053    10306          0
h012f012    125.15   0.010563    10307          0
h012f012    125.16   0.010597    10308          0
h012f012    125.17   0.010633    10309          0
h012f012    125.18    0.01067    10310          0
h012f012    125.19   0.010708    10311          0
h012f012     125.2   0.010747    10312          0
h012f012    125.21   0.010787    10313          0
h012f012    125.22   0.010828    10314          0
h012f012    125.23    0.01083    10315          0
h012f012    125.25   0.010812    10316          0
h012f012    125.26    0.01082    10317          0
h012f012    125.27   0.010836    10318          0
h012f012    125.28   0.010859    10319          0
h012f012    125.29   0.010886    10320          0
h012f012     125.3   0.010919    10321          0
h012f012    125.31   0.010955    10322          0
h012f012    125.32   0.010991    10323          0
h012f012    125.33   0.011028    10324          0
h012f012    125.34   0.011065    10325          0
h012f012    125.35   0.011098    10326          0
h012f012    125.37   0.011098    10327          0
h012f012    125.38   0.011061    10328          0
h012f012    125.39   0.011028    10329          0
h012f012     125.4   0.010997    10330          0
h012f012    125.41   0.010969    10331          0
h012f012    125.42   0.010948    10332          0
h012f012    125.43   0.010928    10333          0
h012f012    125.44   0.010909    10334          0
h012f012    125.45   0.010896    10335          0
h012f012    125.46   0.010884    10336          0
h012f012    125.48   0.010878    10337          0
h012f012    125.49   0.010875    10338          0
h012f012     125.5   0.010873    10339          0
h012f012    125.51   0.010871    10340          0
h012f012    125.52   0.010877    10341          0
h012f012    125.53   0.010887    10342          0
h012f012    125.54     0.0109    10343          0
h012f012    125.55   0.010916    10344          0
h012f012    125.56   0.010936    10345          0
h012f012    125.57   0.010922    10346          0
h012f012    125.58   0.010884    10347          0
h012f012    125.59   0.010852    10348          0
h012f012    125.61   0.010829    10349          0
h012f012    125.62   0.010818    10350          0
h012f012    125.63   0.010815    10351          0
h012f012    125.64    0.01082    10352          0
h012f012    125.65   0.010831    10353          0
h012f012    125.66    0.01085    10354          0
h012f012    125.67   0.010875    10355          0
h012f012    125.68   0.010904    10356          0
h012f012    125.69   0.010935    10357          0
h012f012     125.7   0.010968    10358          0
h012f012    125.71    0.01099    10359          0
h012f012    125.73   0.010991    10360          0
h012f012    125.74   0.011008    10361          0
h012f012    125.75   0.011028    10362          0
h012f012    125.76   0.011046    10363          0
h012f012    125.77   0.011063    10364          0
h012f012    125.78    0.01108    10365          0
h012f012    125.79   0.011099    10366          0
h012f012     125.8   0.011127    10367          0
h012f012    125.81   0.011144    10368          0
h012f012    125.82    0.01116    10369          0
h012f012    125.84   0.011172    10370          0
h012f012    125.85   0.011183    10371          0
h012f012    125.86   0.011191    10372          0
h012f012    125.87   0.011199    10373          0
h012f012    125.88   0.011206    10374          0
h012f012    125.89   0.011213    10375          0
h012f012     125.9   0.011218    10376          0
h012f012    125.91   0.011225    10377          0
h012f012    125.93   0.011231    10378          0
h012f012    125.94   0.011238    10379          0
h012f012    125.95   0.011246    10380          0
h012f012    125.96   0.011255    10381          0
h012f012    125.97   0.011257    10382          0
h012f012    125.98   0.011257    10383          0
h012f012    125.99   0.011257    10384          0
h012f012       126   0.011257    10385          0
h012f012    126.02   0.011257    10386          0
h012f012    126.03   0.011257    10387          0
h012f012    126.04   0.011257    10388          0
h012f012    126.05   0.011256    10389          0
h012f012    126.06   0.011256    10390          0
h012f012    126.07   0.011256    10391          0
h012f012    126.08   0.011256    10392          0
h012f012    126.09   0.011256    10393          0
h012f012    126.11   0.011256    10394          0
h012f012    126.12   0.011256    10395          0
h012f012    126.13   0.011257    10396          0
h012f012    126.14   0.011258    10397          0
h012f012    126.15   0.011259    10398          0
h012f012    126.16    0.01126    10399          0
RESTART file=dumps/rdump1
h012f012    126.17   0.011262    10400          0
h012f012    126.18   0.011264    10401          0
h012f012     126.2   0.011268    10402          0
h012f012    126.21   0.011271    10403          0
h012f012    126.22   0.011274    10404          0
h012f012    126.23   0.011277    10405          0
h012f012    126.24    0.01128    10406          0
h012f012    126.25   0.011284    10407          0
h012f012    126.26   0.011291    10408          0
LOG      t=126.263 	 divbmax: 198 131 4.50651e-12
h012f012    126.27   0.011296    10409          0
h012f012    126.29     0.0113    10410          0
h012f012     126.3   0.011306    10411          0
h012f012    126.31    0.01131    10412          0
h012f012    126.32   0.011308    10413          0
h012f012    126.33   0.011305    10414          0
h012f012    126.34   0.011305    10415          0
h012f012    126.35   0.011328    10416          0
h012f012    126.37   0.011343    10417          0
h012f012    126.38   0.011352    10418          0
h012f012    126.39   0.011362    10419          0
h012f012     126.4   0.011373    10420          0
h012f012    126.41   0.011389    10421          0
h012f012    126.42   0.011403    10422          0
h012f012    126.43   0.011403    10423          0
h012f012    126.44   0.011403    10424          0
h012f012    126.46   0.011403    10425          0
h012f012    126.47   0.011403    10426          0
h012f012    126.48   0.011403    10427          0
h012f012    126.49   0.011403    10428          0
h012f012     126.5   0.011404    10429          0
h012f012    126.51   0.011405    10430          0
h012f012    126.52   0.011405    10431          0
h012f012    126.54   0.011405    10432          0
h012f012    126.55   0.011408    10433          0
h012f012    126.56    0.01141    10434          0
h012f012    126.57   0.011413    10435          0
h012f012    126.58   0.011417    10436          0
h012f012    126.59   0.011426    10437          0
h012f012     126.6   0.011435    10438          0
h012f012    126.62   0.011446    10439          0
h012f012    126.63   0.011446    10440          0
h012f012    126.64   0.011442    10441          0
h012f012    126.65   0.011437    10442          0
h012f012    126.66   0.011445    10443          0
h012f012    126.67   0.011482    10444          0
h012f012    126.68   0.011492    10445          0
h012f012     126.7   0.011506    10446          0
h012f012    126.71   0.011522    10447          0
h012f012    126.72   0.011541    10448          0
h012f012    126.73   0.011552    10449          0
h012f012    126.74   0.011552    10450          0
h012f012    126.75   0.011552    10451          0
h012f012    126.77   0.011552    10452          0
h012f012    126.78   0.011552    10453          0
h012f012    126.79   0.011553    10454          0
h012f012     126.8   0.011554    10455          0
h012f012    126.81   0.011556    10456          0
h012f012    126.82   0.011558    10457          0
h012f012    126.83   0.011561    10458          0
h012f012    126.85   0.011566    10459          0
h012f012    126.86   0.011571    10460          0
h012f012    126.87   0.011578    10461          0
h012f012    126.88   0.011585    10462          0
h012f012    126.89   0.011595    10463          0
h012f012     126.9   0.011605    10464          0
h012f012    126.92   0.011608    10465          0
h012f012    126.93   0.011608    10466          0
h012f012    126.94   0.011606    10467          0
h012f012    126.95   0.011609    10468          0
h012f012    126.96   0.011649    10469          0
h012f012    126.97   0.011659    10470          0
h012f012    126.99   0.011669    10471          0
h012f012       127   0.011683    10472          0
h012f012    127.01   0.011703    10473          0
h012f012    127.02   0.011702    10474          0
h012f012    127.03   0.011702    10475          0
h012f012    127.04   0.011702    10476          0
h012f012    127.06   0.011701    10477          0
h012f012    127.07   0.011701    10478          0
h012f012    127.08   0.011701    10479          0
h012f012    127.09   0.011701    10480          0
h012f012     127.1   0.011701    10481          0
h012f012    127.11   0.011702    10482          0
h012f012    127.13   0.011702    10483          0
h012f012    127.14   0.011703    10484          0
h012f012    127.15   0.011704    10485          0
h012f012    127.16   0.011706    10486          0
h012f012    127.17   0.011708    10487          0
h012f012    127.18   0.011701    10488          0
h012f012     127.2   0.011694    10489          0
h012f012    127.21   0.011692    10490          0
h012f012    127.22   0.011694    10491          0
h012f012    127.23   0.011645    10492          0
h012f012    127.24   0.011623    10493          0
h012f012    127.25   0.011633    10494          0
h012f012    127.27   0.011651    10495          0
h012f012    127.28    0.01163    10496          0
h012f012    127.29   0.011648    10497          0
h012f012     127.3   0.011634    10498          0
h012f012    127.31   0.011623    10499          0
RESTART  file=dumps/rdump0
h012f012    127.32   0.011618    10500          0
h012f012    127.34   0.011616    10501          0
h012f012    127.35   0.011616    10502          0
h012f012    127.36   0.011576    10503          0
h012f012    127.37    0.01155    10504          0
h012f012    127.38   0.011563    10505          0
h012f012    127.39   0.011569    10506          0
h012f012    127.41   0.011552    10507          0
h012f012    127.42   0.011573    10508          0
h012f012    127.43   0.011569    10509          0
h012f012    127.44   0.011558    10510          0
h012f012    127.45   0.011551    10511          0
h012f012    127.46   0.011548    10512          0
h012f012    127.47   0.011547    10513          0
h012f012    127.49   0.011535    10514          0
h012f012     127.5   0.011501    10515          0
h012f012    127.51   0.011502    10516          0
h012f012    127.52   0.011489    10517          0
h012f012    127.53   0.011485    10518          0
h012f012    127.54   0.011507    10519          0
h012f012    127.56   0.011517    10520          0
h012f012    127.57   0.011509    10521          0
h012f012    127.58   0.011497    10522          0
h012f012    127.59   0.011492    10523          0
h012f012     127.6    0.01149    10524          0
h012f012    127.61   0.011489    10525          0
h012f012    127.62   0.011482    10526          0
h012f012    127.64   0.011432    10527          0
h012f012    127.65   0.011412    10528          0
h012f012    127.66    0.01142    10529          0
h012f012    127.67   0.011444    10530          0
h012f012    127.68   0.011442    10531          0
h012f012    127.69   0.011434    10532          0
h012f012     127.7    0.01142    10533          0
h012f012    127.72   0.011412    10534          0
h012f012    127.73    0.01141    10535          0
h012f012    127.74   0.011412    10536          0
h012f012    127.75   0.011381    10537          0
h012f012    127.76   0.011336    10538          0
h012f012    127.77   0.011335    10539          0
h012f012    127.78   0.011356    10540          0
h012f012     127.8   0.011366    10541          0
h012f012    127.81    0.01137    10542          0
h012f012    127.82   0.011355    10543          0
h012f012    127.83   0.011343    10544          0
h012f012    127.84   0.011335    10545          0
h012f012    127.85   0.011331    10546          0
h012f012    127.86   0.011331    10547          0
h012f012    127.87   0.011297    10548          0
h012f012    127.89   0.011259    10549          0
h012f012     127.9   0.011269    10550          0
h012f012    127.91   0.011291    10551          0
h012f012    127.92   0.011295    10552          0
h012f012    127.93   0.011298    10553          0
h012f012    127.94   0.011283    10554          0
h012f012    127.95   0.011271    10555          0
h012f012    127.97   0.011265    10556          0
h012f012    127.98   0.011263    10557          0
h012f012    127.99   0.011262    10558          0
h012f012       128    0.01123    10559          0
h012f012    128.01   0.011198    10560          0
h012f012    128.02   0.011205    10561          0
h012f012    128.03    0.01122    10562          0
h012f012    128.04   0.011225    10563          0
h012f012    128.05    0.01123    10564          0
h012f012    128.07   0.011221    10565          0
h012f012    128.08   0.011208    10566          0
h012f012    128.09   0.011201    10567          0
h012f012     128.1   0.011199    10568          0
h012f012    128.11   0.011198    10569          0
h012f012    128.12   0.011194    10570          0
h012f012    128.13   0.011168    10571          0
h012f012    128.14   0.011145    10572          0
h012f012    128.16   0.011153    10573          0
h012f012    128.17   0.011173    10574          0
h012f012    128.18   0.011176    10575          0
h012f012    128.19   0.011165    10576          0
h012f012     128.2   0.011149    10577          0
h012f012    128.21    0.01114    10578          0
h012f012    128.22   0.011141    10579          0
h012f012    128.23   0.011145    10580          0
h012f012    128.24   0.011112    10581          0
h012f012    128.26   0.011071    10582          0
h012f012    128.27   0.011077    10583          0
LOG      t=128.267 	 divbmax: 198 131 4.56415e-12
h012f012    128.28   0.011098    10584          0
h012f012    128.29   0.011108    10585          0
h012f012     128.3   0.011096    10586          0
h012f012    128.31   0.011077    10587          0
h012f012    128.32   0.011065    10588          0
h012f012    128.33   0.011059    10589          0
h012f012    128.34   0.011057    10590          0
h012f012    128.36   0.011031    10591          0
h012f012    128.37   0.010985    10592          0
h012f012    128.38   0.010993    10593          0
h012f012    128.39   0.011015    10594          0
h012f012     128.4   0.011022    10595          0
h012f012    128.41    0.01102    10596          0
h012f012    128.42   0.011005    10597          0
h012f012    128.43   0.010995    10598          0
h012f012    128.44   0.010991    10599          0
RESTART file=dumps/rdump1
h012f012    128.45   0.010988    10600          0
h012f012    128.47   0.010986    10601          0
h012f012    128.48   0.010946    10602          0
h012f012    128.49   0.010922    10603          0
h012f012     128.5   0.010945    10604          0
h012f012    128.51   0.010954    10605          0
h012f012    128.52   0.010949    10606          0
h012f012    128.53   0.010952    10607          0
h012f012    128.54   0.010942    10608          0
h012f012    128.55   0.010939    10609          0
h012f012    128.56   0.010933    10610          0
h012f012    128.58   0.010929    10611          0
h012f012    128.59   0.010926    10612          0
h012f012     128.6   0.010923    10613          0
h012f012    128.61   0.010894    10614          0
h012f012    128.62   0.010903    10615          0
h012f012    128.63   0.010908    10616          0
h012f012    128.64   0.010914    10617          0
h012f012    128.65   0.010897    10618          0
h012f012    128.66   0.010881    10619          0
h012f012    128.67   0.010875    10620          0
h012f012    128.68   0.010873    10621          0
h012f012     128.7   0.010873    10622          0
h012f012    128.71   0.010836    10623          0
h012f012    128.72   0.010813    10624          0
h012f012    128.73   0.010833    10625          0
h012f012    128.74   0.010829    10626          0
h012f012    128.75   0.010834    10627          0
h012f012    128.76   0.010819    10628          0
h012f012    128.77   0.010806    10629          0
h012f012    128.78     0.0108    10630          0
h012f012    128.79   0.010797    10631          0
h012f012     128.8   0.010795    10632          0
h012f012    128.81   0.010771    10633          0
h012f012    128.83   0.010742    10634          0
h012f012    128.84   0.010749    10635          0
h012f012    128.85    0.01076    10636          0
h012f012    128.86   0.010762    10637          0
h012f012    128.87   0.010757    10638          0
h012f012    128.88    0.01075    10639          0
h012f012    128.89   0.010751    10640          0
h012f012     128.9   0.010749    10641          0
h012f012    128.91   0.010743    10642          0
h012f012    128.92   0.010738    10643          0
h012f012    128.93   0.010734    10644          0
h012f012    128.94   0.010722    10645          0
h012f012    128.95   0.010707    10646          0
h012f012    128.96   0.010709    10647          0
h012f012    128.98   0.010723    10648          0
h012f012    128.99    0.01071    10649          0
h012f012       129   0.010701    10650          0
h012f012    129.01   0.010696    10651          0
h012f012    129.02   0.010693    10652          0
h012f012    129.03   0.010692    10653          0
h012f012    129.04   0.010662    10654          0
h012f012    129.05   0.010646    10655          0
h012f012    129.06   0.010645    10656          0
h012f012    129.07   0.010652    10657          0
h012f012    129.08   0.010647    10658          0
h012f012    129.09   0.010637    10659          0
h012f012     129.1   0.010627    10660          0
h012f012    129.11   0.010621    10661          0
h012f012    129.12   0.010616    10662          0
h012f012    129.14   0.010611    10663          0
h012f012    129.15   0.010594    10664          0
h012f012    129.16   0.010569    10665          0
h012f012    129.17   0.010567    10666          0
h012f012    129.18   0.010576    10667          0
h012f012    129.19   0.010577    10668          0
h012f012     129.2    0.01057    10669          0
h012f012    129.21   0.010569    10670          0
h012f012    129.22   0.010567    10671          0
h012f012    129.23   0.010567    10672          0
h012f012    129.24   0.010562    10673          0
h012f012    129.25   0.010558    10674          0
h012f012    129.26   0.010551    10675          0
h012f012    129.27   0.010525    10676          0
h012f012    129.28   0.010519    10677          0
h012f012    129.29   0.010533    10678          0
h012f012     129.3   0.010529    10679          0
h012f012    129.31   0.010523    10680          0
h012f012    129.33   0.010516    10681          0
h012f012    129.34   0.010507    10682          0
h012f012    129.35   0.010471    10683          0
h012f012    129.36   0.010459    10684          0
h012f012    129.37   0.010466    10685          0
h012f012    129.38   0.010479    10686          0
h012f012    129.39    0.01048    10687          0
h012f012     129.4   0.010461    10688          0
h012f012    129.41   0.010451    10689          0
h012f012    129.42    0.01044    10690          0
h012f012    129.43   0.010431    10691          0
h012f012    129.44   0.010424    10692          0
h012f012    129.45    0.01042    10693          0
h012f012    129.46   0.010418    10694          0
h012f012    129.47   0.010416    10695          0
h012f012    129.48   0.010413    10696          0
h012f012    129.49   0.010409    10697          0
h012f012     129.5   0.010386    10698          0
h012f012    129.51   0.010375    10699          0
RESTART  file=dumps/rdump0
h012f012    129.52    0.01037    10700          0
h012f012    129.53   0.010369    10701          0
h012f012    129.54   0.010372    10702          0
h012f012    129.55   0.010376    10703          0
h012f012    129.57   0.010398    10704          0
h012f012    129.58   0.010407    10705          0
h012f012    129.59   0.010401    10706          0
h012f012     129.6   0.010396    10707          0
h012f012    129.61   0.010389    10708          0
h012f012    129.62   0.010385    10709          0
h012f012    129.63   0.010381    10710          0
h012f012    129.64   0.010377    10711          0
h012f012    129.65   0.010373    10712          0
h012f012    129.66    0.01037    10713          0
h012f012    129.67   0.010368    10714          0
h012f012    129.68   0.010363    10715          0
h012f012    129.69   0.010358    10716          0
h012f012     129.7   0.010353    10717          0
h012f012    129.71   0.010365    10718          0
h012f012    129.72   0.010372    10719          0
h012f012    129.73   0.010387    10720          0
h012f012    129.74   0.010416    10721          0
h012f012    129.75   0.010462    10722          0
h012f012    129.76   0.010527    10723          0
h012f012    129.77   0.010526    10724          0
h012f012    129.78   0.010522    10725          0
h012f012    129.79   0.010527    10726          0
h012f012     129.8   0.010537    10727          0
h012f012    129.82   0.010563    10728          0
h012f012    129.83   0.010562    10729          0
h012f012    129.84   0.010564    10730          0
h012f012    129.85   0.010646    10731          0
h012f012    129.86   0.010666    10732          0
h012f012    129.87   0.010665    10733          0
h012f012    129.88   0.010669    10734          0
h012f012    129.89   0.010681    10735          0
h012f012     129.9   0.010705    10736          0
h012f012    129.91   0.010715    10737          0
h012f012    129.92   0.010695    10738          0
h012f012    129.93   0.010768    10739          0
h012f012    129.94   0.010812    10740          0
h012f012    129.95   0.010811    10741          0
h012f012    129.96    0.01081    10742          0
h012f012    129.98   0.010813    10743          0
h012f012    129.99   0.010824    10744          0
h012f012       130   0.010848    10745          0
h012f012    130.01   0.010865    10746          0
h012f012    130.02   0.010847    10747          0
h012f012    130.03   0.010932    10748          0
h012f012    130.04   0.010963    10749          0
h012f012    130.05   0.010958    10750          0
h012f012    130.06   0.010957    10751          0
h012f012    130.07   0.010959    10752          0
h012f012    130.08   0.010967    10753          0
h012f012     130.1   0.010988    10754          0
h012f012    130.11   0.011016    10755          0
h012f012    130.12   0.011003    10756          0
h012f012    130.13   0.011086    10757          0
h012f012    130.14   0.011114    10758          0
h012f012    130.15   0.011109    10759          0
h012f012    130.16   0.011107    10760          0
h012f012    130.17   0.011106    10761          0
h012f012    130.18    0.01111    10762          0
h012f012     130.2   0.011126    10763          0
h012f012    130.21   0.011156    10764          0
h012f012    130.22   0.011159    10765          0
h012f012    130.23   0.011228    10766          0
h012f012    130.24    0.01127    10767          0
h012f012    130.25   0.011263    10768          0
h012f012    130.26   0.011258    10769          0
LOG      t=130.262 	 divbmax: 135 105 4.51628e-12
h012f012    130.27   0.011256    10770          0
h012f012    130.28   0.011258    10771          0
h012f012     130.3   0.011265    10772          0
h012f012    130.31   0.011282    10773          0
h012f012    130.32   0.011307    10774          0
h012f012    130.33   0.011315    10775          0
h012f012    130.34   0.011378    10776          0
h012f012    130.35   0.011366    10777          0
h012f012    130.36   0.011341    10778          0
h012f012    130.38   0.011318    10779          0
h012f012    130.39     0.0113    10780          0
h012f012     130.4   0.011289    10781          0
h012f012    130.41   0.011281    10782          0
h012f012    130.42   0.011276    10783          0
h012f012    130.43   0.011269    10784          0
h012f012    130.44   0.011258    10785          0
h012f012    130.45   0.011244    10786          0
h012f012    130.47   0.011233    10787          0
h012f012    130.48   0.011224    10788          0
h012f012    130.49   0.011201    10789          0
h012f012     130.5    0.01118    10790          0
h012f012    130.51   0.011162    10791          0
h012f012    130.52   0.011149    10792          0
h012f012    130.53    0.01114    10793          0
h012f012    130.54   0.011134    10794          0
h012f012    130.56    0.01113    10795          0
h012f012    130.57   0.011122    10796          0
h012f012    130.58   0.011112    10797          0
h012f012    130.59   0.011102    10798          0
h012f012     130.6   0.011096    10799          0
RESTART file=dumps/rdump1
h012f012    130.61   0.011079    10800          0
h012f012    130.62   0.011061    10801          0
h012f012    130.63   0.011045    10802          0
h012f012    130.64   0.011032    10803          0
h012f012    130.65   0.011021    10804          0
h012f012    130.67   0.011013    10805          0
h012f012    130.68   0.011008    10806          0
h012f012    130.69   0.011004    10807          0
h012f012     130.7   0.010997    10808          0
h012f012    130.71   0.010988    10809          0
h012f012    130.72    0.01098    10810          0
h012f012    130.73   0.010974    10811          0
h012f012    130.74   0.010958    10812          0
h012f012    130.75   0.010945    10813          0
h012f012    130.76   0.010933    10814          0
h012f012    130.78   0.010922    10815          0
h012f012    130.79   0.010911    10816          0
h012f012     130.8   0.010904    10817          0
h012f012    130.81     0.0109    10818          0
h012f012    130.82   0.010896    10819          0
h012f012    130.83   0.010887    10820          0
h012f012    130.84   0.010874    10821          0
h012f012    130.85   0.010864    10822          0
h012f012    130.86    0.01086    10823          0
h012f012    130.87   0.010855    10824          0
h012f012    130.88   0.010842    10825          0
h012f012     130.9    0.01083    10826          0
h012f012    130.91   0.010822    10827          0
h012f012    130.92   0.010814    10828          0
h012f012    130.93   0.010807    10829          0
h012f012    130.94   0.010801    10830          0
h012f012    130.95   0.010799    10831          0
h012f012    130.96   0.010798    10832          0
h012f012    130.97   0.010791    10833          0
h012f012    130.98   0.010777    10834          0
h012f012    130.99   0.010761    10835          0
h012f012       131   0.010749    10836          0
h012f012    131.01   0.010743    10837          0
h012f012    131.02    0.01074    10838          0
h012f012    131.04   0.010738    10839          0
h012f012    131.05   0.010735    10840          0
h012f012    131.06    0.01073    10841          0
h012f012    131.07   0.010726    10842          0
h012f012    131.08   0.010725    10843          0
h012f012    131.09   0.010723    10844          0
h012f012     131.1   0.010711    10845          0
h012f012    131.11   0.010697    10846          0
h012f012    131.12   0.010679    10847          0
h012f012    131.13   0.010666    10848          0
h012f012    131.14   0.010658    10849          0
h012f012    131.15   0.010652    10850          0
h012f012    131.16   0.010649    10851          0
h012f012    131.17   0.010648    10852          0
h012f012    131.19   0.010649    10853          0
h012f012     131.2   0.010652    10854          0
h012f012    131.21   0.010654    10855          0
h012f012    131.22   0.010648    10856          0
h012f012    131.23   0.010638    10857          0
h012f012    131.24    0.01063    10858          0
h012f012    131.25   0.010624    10859          0
h012f012    131.26    0.01062    10860          0
h012f012    131.27   0.010611    10861          0
h012f012    131.28   0.010602    10862          0
h012f012    131.29   0.010596    10863          0
h012f012     131.3   0.010594    10864          0
h012f012    131.31   0.010596    10865          0
h012f012    131.32   0.010594    10866          0
h012f012    131.33   0.010585    10867          0
h012f012    131.34   0.010578    10868          0
h012f012    131.36   0.010573    10869          0
h012f012    131.37    0.01057    10870          0
h012f012    131.38   0.010569    10871          0
h012f012    131.39   0.010569    10872          0
h012f012     131.4    0.01057    10873          0
h012f012    131.41   0.010572    10874          0
h012f012    131.42   0.010571    10875          0
h012f012    131.43   0.010569    10876          0
h012f012    131.44   0.010559    10877          0
h012f012    131.45   0.010551    10878          0
h012f012    131.46   0.010544    10879          0
h012f012    131.47   0.010539    10880          0
h012f012    131.48   0.010534    10881          0
h012f012    131.49   0.010529    10882          0
h012f012     131.5   0.010527    10883          0
h012f012    131.51   0.010526    10884          0
h012f012    131.52   0.010526    10885          0
h012f012    131.53   0.010527    10886          0
h012f012    131.55   0.010527    10887          0
h012f012    131.56   0.010519    10888          0
h012f012    131.57   0.010516    10889          0
h012f012    131.58   0.010519    10890          0
h012f012    131.59   0.010514    10891          0
h012f012     131.6   0.010509    10892          0
h012f012    131.61   0.010506    10893          0
h012f012    131.62   0.010504    10894          0
h012f012    131.63   0.010503    10895          0
h012f012    131.64   0.010502    10896          0
h012f012    131.65   0.010501    10897          0
h012f012    131.66   0.010501    10898          0
h012f012    131.67   0.010494    10899          0
RESTART  file=dumps/rdump0
h012f012    131.68   0.010488    10900          0
h012f012    131.69   0.010483    10901          0
h012f012     131.7    0.01048    10902          0
h012f012    131.71   0.010478    10903          0
h012f012    131.72   0.010477    10904          0
h012f012    131.73   0.010476    10905          0
h012f012    131.74   0.010476    10906          0
h012f012    131.76   0.010478    10907          0
h012f012    131.77   0.010481    10908          0
h012f012    131.78   0.010479    10909          0
h012f012    131.79   0.010479    10910          0
h012f012     131.8   0.010475    10911          0
h012f012    131.81   0.010477    10912          0
h012f012    131.82   0.010474    10913          0
h012f012    131.83   0.010473    10914          0
h012f012    131.84    0.01047    10915          0
h012f012    131.85   0.010468    10916          0
h012f012    131.86   0.010466    10917          0
h012f012    131.87   0.010465    10918          0
h012f012    131.88   0.010464    10919          0
h012f012    131.89   0.010463    10920          0
h012f012     131.9   0.010462    10921          0
h012f012    131.91   0.010456    10922          0
h012f012    131.92   0.010458    10923          0
h012f012    131.93   0.010465    10924          0
h012f012    131.94   0.010461    10925          0
h012f012    131.95   0.010467    10926          0
h012f012    131.96   0.010471    10927          0
h012f012    131.98   0.010472    10928          0
h012f012    131.99   0.010474    10929          0
h012f012       132   0.010476    10930          0
h012f012    132.01   0.010476    10931          0
h012f012    132.02   0.010472    10932          0
h012f012    132.03   0.010465    10933          0
h012f012    132.04   0.010466    10934          0
h012f012    132.05   0.010468    10935          0
h012f012    132.06   0.010464    10936          0
h012f012    132.07   0.010462    10937          0
h012f012    132.08   0.010458    10938          0
h012f012    132.09   0.010455    10939          0
h012f012     132.1   0.010454    10940          0
h012f012    132.11   0.010454    10941          0
h012f012    132.12   0.010454    10942          0
h012f012    132.13   0.010452    10943          0
h012f012    132.14   0.010446    10944          0
h012f012    132.15   0.010446    10945          0
h012f012    132.16    0.01044    10946          0
h012f012    132.17   0.010438    10947          0
h012f012    132.18   0.010445    10948          0
h012f012    132.19   0.010446    10949          0
h012f012    132.21   0.010454    10950          0
h012f012    132.22   0.010467    10951          0
h012f012    132.23   0.010477    10952          0
h012f012    132.24   0.010492    10953          0
h012f012    132.25   0.010509    10954          0
h012f012    132.26   0.010529    10955          0
h012f012    132.27   0.010555    10956          0
LOG      t=132.268 	 divbmax: 135 105 4.51886e-12
h012f012    132.28   0.010584    10957          0
h012f012    132.29   0.010614    10958          0
h012f012     132.3   0.010651    10959          0
h012f012    132.31   0.010692    10960          0
h012f012    132.32   0.010736    10961          0
h012f012    132.33   0.010784    10962          0
h012f012    132.34   0.010838    10963          0
h012f012    132.35   0.010763    10964          0
h012f012    132.36   0.010707    10965          0
h012f012    132.37   0.010683    10966          0
h012f012    132.39   0.010679    10967          0
h012f012     132.4   0.010686    10968          0
h012f012    132.41   0.010725    10969          0
h012f012    132.42   0.010777    10970          0
h012f012    132.43   0.010852    10971          0
h012f012    132.44   0.010864    10972          0
h012f012    132.45   0.010876    10973          0
h012f012    132.46   0.010888    10974          0
h012f012    132.47   0.010882    10975          0
h012f012    132.48   0.010875    10976          0
h012f012    132.49   0.010867    10977          0
h012f012     132.5   0.010865    10978          0
h012f012    132.52   0.010862    10979          0
h012f012    132.53   0.010859    10980          0
h012f012    132.54   0.010859    10981          0
h012f012    132.55   0.010854    10982          0
h012f012    132.56   0.010854    10983          0
h012f012    132.57   0.010854    10984          0
h012f012    132.58   0.010856    10985          0
h012f012    132.59    0.01086    10986          0
h012f012     132.6   0.010867    10987          0
h012f012    132.61   0.010877    10988          0
h012f012    132.62   0.010887    10989          0
h012f012    132.63    0.01091    10990          0
h012f012    132.65   0.010907    10991          0
h012f012    132.66    0.01091    10992          0
h012f012    132.67   0.010911    10993          0
h012f012    132.68   0.010938    10994          0
h012f012    132.69   0.010943    10995          0
h012f012     132.7   0.010946    10996          0
h012f012    132.71   0.010941    10997          0
h012f012    132.72   0.010893    10998          0
h012f012    132.73   0.010878    10999          0
RESTART file=dumps/rdump1
h012f012    132.74   0.010876    11000          0
h012f012    132.76   0.010873    11001          0
h012f012    132.77   0.010857    11002          0
h012f012    132.78   0.010853    11003          0
h012f012    132.79   0.010851    11004          0
h012f012     132.8   0.010849    11005          0
h012f012    132.81   0.010849    11006          0
h012f012    132.82    0.01085    11007          0
h012f012    132.83   0.010852    11008          0
h012f012    132.84   0.010855    11009          0
h012f012    132.85   0.010858    11010          0
h012f012    132.86   0.010863    11011          0
h012f0